Cambrian 1	Cambrian 2	Cambrian 3	Cambrian 4	Ordovician 1	Ordovician 2	Ordovician 3	Ordovician 4	Ordovician 5	Silurian 1	Silurian 2	Devonian 1	Devonian 2	Devonian 3	Devonian 4	Devonian 5	Carboniferous 1	Carboniferous 2	Carboniferous 3	Carboniferous 4	Carboniferous 5	Permian 1	Permian 2	Permian 3	Permian 4	Triassic 1	Triassic 2	Triassic 3	Triassic 4	Jurassic 1	Jurassic 2	Jurassic 3	Jurassic 4	Jurassic 5	Jurassic 6	Cretaceous 1	Cretaceous 2	Cretaceous 3	Cretaceous 4	Cretaceous 5	Cretaceous 6	Cretaceous 7	Cretaceous 8	Cenozoic 1	Cenozoic 2	Cenozoic 3	Cenozoic 4	Cenozoic 5	Cenozoic 6
Cambrian 1	16	28	12	3	1	0	1	0	1	0	0	0	1	0	0	0	0	0	0	0	0	0	0	0	0	0	0	0	0	0	0	0	0	0	0	0	0	0	0	0	0	0	0	0	0	0	0	0	0
Cambrian 2	0	816	108	12	4	1	0	4	6	1	1	1	0	1	0	0	0	1	0	0	1	0	0	0	1	0	0	0	0	0	0	0	0	0	0	0	0	0	0	0	1	0	0	0	0	1	0	0	1
Cambrian 3	0	0	347	97	13	4	2	0	1	0	0	1	0	0	0	0	0	0	0	0	0	0	0	0	0	0	0	1	0	0	0	0	0	0	0	0	0	0	0	0	0	0	0	0	0	0	0	0	0
Cambrian 4	0	0	0	323	67	19	3	6	8	0	2	1	0	2	0	0	0	1	0	0	0	0	0	0	0	0	0	0	0	0	0	0	0	0	0	0	0	0	0	0	0	0	0	0	1	0	0	0	0
Ordovician 1	0	0	0	0	201	109	30	39	30	4	16	7	2	5	1	1	0	3	0	0	0	0	0	1	2	0	0	0	2	0	0	0	1	0	0	1	0	0	0	0	0	0	0	0	0	1	0	0	0
Ordovician 2	0	0	0	0	0	250	87	71	54	23	20	8	6	7	4	2	0	1	2	0	0	0	0	2	2	1	1	2	2	0	0	0	0	1	0	1	1	0	0	0	0	0	1	0	0	0	0	0	0
Ordovician 3	0	0	0	0	0	0	91	87	64	13	37	6	1	12	1	2	1	1	0	1	0	0	0	4	1	0	0	1	1	0	0	0	0	1	0	0	0	0	0	0	0	0	0	0	0	0	0	0	0
Ordovician 4	0	0	0	0	0	0	0	399	184	48	55	17	14	35	11	5	2	3	2	1	1	3	4	6	11	0	1	1	2	1	1	0	0	2	2	0	0	1	1	0	0	0	0	0	0	0	1	0	0
Ordovician 5	0	0	0	0	0	0	0	0	208	29	37	15	6	15	1	4	1	2	4	1	0	1	2	2	4	1	0	1	3	0	0	0	0	0	0	0	0	0	0	0	0	0	0	0	0	0	0	0	0
Silurian 1	0	0	0	0	0	0	0	0	0	196	156	52	32	51	15	6	2	3	3	1	2	0	2	5	8	0	2	1	2	0	0	0	0	1	0	0	0	0	0	0	0	0	0	0	0	1	0	0	0
Silurian 2	0	0	0	0	0	0	0	0	0	0	565	107	44	68	25	12	6	6	8	2	0	2	2	6	13	1	2	5	2	0	0	0	0	0	1	0	0	0	0	0	0	0	0	0	0	1	0	0	0
Devonian 1	0	0	0	0	0	0	0	0	0	0	0	283	113	129	45	15	2	6	3	4	2	2	3	6	10	2	1	1	2	0	0	2	0	0	0	0	0	0	1	0	0	0	0	0	0	0	0	0	0
Devonian 2	0	0	0	0	0	0	0	0	0	0	0	0	264	155	25	12	3	3	5	4	1	1	1	8	8	5	1	3	1	0	0	0	0	0	0	1	0	0	0	0	0	0	0	0	0	0	0	0	0
Devonian 3	0	0	0	0	0	0	0	0	0	0	0	0	0	436	61	29	8	9	8	5	0	6	3	12	19	3	1	3	3	1	0	1	0	0	1	0	0	0	1	0	0	1	1	0	0	0	0	0	0
Devonian 4	0	0	0	0	0	0	0	0	0	0	0	0	0	0	153	22	6	1	0	2	1	0	0	2	8	0	1	0	0	0	0	1	0	1	0	0	0	0	0	0	0	0	1	0	0	0	0	0	1
Devonian 5	0	0	0	0	0	0	0	0	0	0	0	0	0	0	0	155	25	8	13	1	3	2	0	10	18	1	2	0	1	1	0	0	0	0	0	0	0	0	0	0	0	1	0	0	0	0	0	0	0
Carboniferous 1	0	0	0	0	0	0	0	0	0	0	0	0	0	0	0	0	143	44	20	8	3	7	10	15	24	3	3	0	4	0	1	1	0	0	0	0	0	0	0	0	0	0	0	1	0	0	1	0	0
Carboniferous 2	0	0	0	0	0	0	0	0	0	0	0	0	0	0	0	0	0	133	44	19	7	9	11	10	26	4	1	0	2	1	0	1	0	0	0	0	0	0	0	0	0	1	0	0	0	0	0	0	0
Carboniferous 3	0	0	0	0	0	0	0	0	0	0	0	0	0	0	0	0	0	0	115	13	3	8	11	12	20	6	0	0	0	0	0	0	0	1	0	0	0	0	0	0	0	0	1	0	0	0	0	2	0
Carboniferous 4	0	0	0	0	0	0	0	0	0	0	0	0	0	0	0	0	0	0	0	217	29	22	37	46	42	6	0	1	3	0	0	0	0	1	0	1	1	0	0	0	0	0	0	0	0	0	0	0	0
Carboniferous 5	0	0	0	0	0	0	0	0	0	0	0	0	0	0	0	0	0	0	0	0	59	15	30	24	31	3	0	0	2	0	0	0	0	0	0	0	0	0	0	0	0	0	0	2	0	0	0	0	0
Permian 1	0	0	0	0	0	0	0	0	0	0	0	0	0	0	0	0	0	0	0	0	0	111	58	78	87	7	1	0	2	0	0	0	0	0	0	1	0	0	1	0	0	0	2	0	0	0	0	0	0
Permian 2	0	0	0	0	0	0	0	0	0	0	0	0	0	0	0	0	0	0	0	0	0	0	251	184	105	8	4	2	8	1	0	0	1	0	0	0	0	0	0	0	1	0	1	1	0	0	0	0	0
Permian 3	0	0	0	0	0	0	0	0	0	0	0	0	0	0	0	0	0	0	0	0	0	0	0	341	117	7	5	2	22	2	2	1	0	1	0	2	0	1	0	0	1	1	2	1	1	0	0	0	0
Permian 4	0	0	0	0	0	0	0	0	0	0	0	0	0	0	0	0	0	0	0	0	0	0	0	0	250	18	9	4	11	0	0	0	0	1	1	0	0	1	0	0	0	1	0	0	0	0	0	0	0
Triassic 1	0	0	0	0	0	0	0	0	0	0	0	0	0	0	0	0	0	0	0	0	0	0	0	0	0	250	29	5	27	3	0	2	0	4	1	0	0	1	2	0	1	0	2	4	0	0	0	1	0
Triassic 2	0	0	0	0	0	0	0	0	0	0	0	0	0	0	0	0	0	0	0	0	0	0	0	0	0	0	278	55	72	4	12	7	1	6	3	3	0	2	1	2	1	1	1	4	1	2	2	2	4
Triassic 3	0	0	0	0	0	0	0	0	0	0	0	0	0	0	0	0	0	0	0	0	0	0	0	0	0	0	0	185	91	5	6	3	1	3	4	1	1	3	2	0	1	2	5	1	0	1	1	3	1
Triassic 4	0	0	0	0	0	0	0	0	0	0	0	0	0	0	0	0	0	0	0	0	0	0	0	0	0	0	0	0	274	12	14	7	3	9	6	4	1	1	3	1	0	0	5	4	1	2	1	1	1
Jurassic 1	0	0	0	0	0	0	0	0	0	0	0	0	0	0	0	0	0	0	0	0	0	0	0	0	0	0	0	0	0	98	40	22	10	22	8	5	5	6	4	1	3	2	7	4	0	2	0	1	3
Jurassic 2	0	0	0	0	0	0	0	0	0	0	0	0	0	0	0	0	0	0	0	0	0	0	0	0	0	0	0	0	0	0	101	21	2	4	5	4	2	3	4	0	3	5	3	4	0	0	1	2	0
Jurassic 3	0	0	0	0	0	0	0	0	0	0	0	0	0	0	0	0	0	0	0	0	0	0	0	0	0	0	0	0	0	0	0	361	21	18	14	4	7	7	2	1	4	3	2	3	0	1	1	0	0
Jurassic 4	0	0	0	0	0	0	0	0	0	0	0	0	0	0	0	0	0	0	0	0	0	0	0	0	0	0	0	0	0	0	0	0	148	105	14	15	8	13	7	14	11	2	6	8	0	5	3	2	2
Jurassic 5	0	0	0	0	0	0	0	0	0	0	0	0	0	0	0	0	0	0	0	0	0	0	0	0	0	0	0	0	0	0	0	0	0	398	63	26	19	29	30	12	8	15	15	10	2	4	1	1	2
Jurassic 6	0	0	0	0	0	0	0	0	0	0	0	0	0	0	0	0	0	0	0	0	0	0	0	0	0	0	0	0	0	0	0	0	0	0	147	35	4	7	5	1	4	5	3	0	0	0	0	0	0
Cretaceous 1	0	0	0	0	0	0	0	0	0	0	0	0	0	0	0	0	0	0	0	0	0	0	0	0	0	0	0	0	0	0	0	0	0	0	0	152	47	7	15	5	4	6	15	8	1	2	5	1	2
Cretaceous 2	0	0	0	0	0	0	0	0	0	0	0	0	0	0	0	0	0	0	0	0	0	0	0	0	0	0	0	0	0	0	0	0	0	0	0	0	149	33	31	9	10	12	10	12	2	2	1	1	3
Cretaceous 3	0	0	0	0	0	0	0	0	0	0	0	0	0	0	0	0	0	0	0	0	0	0	0	0	0	0	0	0	0	0	0	0	0	0	0	0	0	142	57	13	21	28	24	11	3	8	1	2	6
Cretaceous 4	0	0	0	0	0	0	0	0	0	0	0	0	0	0	0	0	0	0	0	0	0	0	0	0	0	0	0	0	0	0	0	0	0	0	0	0	0	0	188	37	27	12	32	9	2	2	3	0	6
Cretaceous 5	0	0	0	0	0	0	0	0	0	0	0	0	0	0	0	0	0	0	0	0	0	0	0	0	0	0	0	0	0	0	0	0	0	0	0	0	0	0	0	104	38	14	36	16	4	3	1	2	6
Cretaceous 6	0	0	0	0	0	0	0	0	0	0	0	0	0	0	0	0	0	0	0	0	0	0	0	0	0	0	0	0	0	0	0	0	0	0	0	0	0	0	0	0	204	64	78	19	3	4	2	4	5
Cretaceous 7	0	0	0	0	0	0	0	0	0	0	0	0	0	0	0	0	0	0	0	0	0	0	0	0	0	0	0	0	0	0	0	0	0	0	0	0	0	0	0	0	0	144	104	36	1	5	4	7	6
Cretaceous 8	0	0	0	0	0	0	0	0	0	0	0	0	0	0	0	0	0	0	0	0	0	0	0	0	0	0	0	0	0	0	0	0	0	0	0	0	0	0	0	0	0	0	109	12	3	10	6	7	5
Cenozoic 1	0	0	0	0	0	0	0	0	0	0	0	0	0	0	0	0	0	0	0	0	0	0	0	0	0	0	0	0	0	0	0	0	0	0	0	0	0	0	0	0	0	0	0	171	13	50	25	23	28
Cenozoic 2	0	0	0	0	0	0	0	0	0	0	0	0	0	0	0	0	0	0	0	0	0	0	0	0	0	0	0	0	0	0	0	0	0	0	0	0	0	0	0	0	0	0	0	0	79	37	14	19	15
Cenozoic 3	0	0	0	0	0	0	0	0	0	0	0	0	0	0	0	0	0	0	0	0	0	0	0	0	0	0	0	0	0	0	0	0	0	0	0	0	0	0	0	0	0	0	0	0	0	192	29	32	20
Cenozoic 4	0	0	0	0	0	0	0	0	0	0	0	0	0	0	0	0	0	0	0	0	0	0	0	0	0	0	0	0	0	0	0	0	0	0	0	0	0	0	0	0	0	0	0	0	0	0	106	41	27
Cenozoic 5	0	0	0	0	0	0	0	0	0	0	0	0	0	0	0	0	0	0	0	0	0	0	0	0	0	0	0	0	0	0	0	0	0	0	0	0	0	0	0	0	0	0	0	0	0	0	0	219	76
Cenozoic 6	0	0	0	0	0	0	0	0	0	0	0	0	0	0	0	0	0	0	0	0	0	0	0	0	0	0	0	0	0	0	0	0	0	0	0	0	0	0	0	0	0	0	0	0	0	0	0	0	242
